Level	Amazon	Sorceress	Necromancer	Paladin	Barbarian	Druid	Assassin	ExpRatio
MaxLvl	99	99	99	99	99	99	99	10
0	0	0	0	0	0	0	0	1024
1	250	250	250	250	250	250	250	1024
2	750	750	750	750	750	750	750	1024
3	1875	1875	1875	1875	1875	1875	1875	1024
4	3938	3938	3938	3938	3938	3938	3938	1024
5	7088	7088	7088	7088	7088	7088	7088	1024
6	11340	11340	11340	11340	11340	11340	11340	1024
7	16443	16443	16443	16443	16443	16443	16443	1024
8	22198	22198	22198	22198	22198	22198	22198	1024
9	28858	28858	28858	28858	28858	28858	28858	1024
10	36072	36072	36072	36072	36072	36072	36072	1024
11	45090	45090	45090	45090	45090	45090	45090	1024
12	56363	56363	56363	56363	56363	56363	56363	1024
13	70453	70453	70453	70453	70453	70453	70453	1024
14	88066	88066	88066	88066	88066	88066	88066	1024
15	110083	110083	110083	110083	110083	110083	110083	1024
16	137604	137604	137604	137604	137604	137604	137604	1024
17	172004	172004	172004	172004	172004	172004	172004	1024
18	215005	215005	215005	215005	215005	215005	215005	1024
19	268757	268757	268757	268757	268757	268757	268757	1024
20	335946	335946	335946	335946	335946	335946	335946	1024
21	419932	419932	419932	419932	419932	419932	419932	1024
22	524915	524915	524915	524915	524915	524915	524915	1024
23	656144	656144	656144	656144	656144	656144	656144	1024
24	820180	820180	820180	820180	820180	820180	820180	1024
25	1025225	1025225	1025225	1025225	1025225	1025225	1025225	1024
26	1281531	1281531	1281531	1281531	1281531	1281531	1281531	1024
27	1601913	1601913	1601913	1601913	1601913	1601913	1601913	1024
28	1951130	1951130	1951130	1951130	1951130	1951130	1951130	1024
29	2331777	2331777	2331777	2331777	2331777	2331777	2331777	1024
30	2746682	2746682	2746682	2746682	2746682	2746682	2746682	1024
31	3198928	3198928	3198928	3198928	3198928	3198928	3198928	1024
32	3691876	3691876	3691876	3691876	3691876	3691876	3691876	1024
33	4229190	4229190	4229190	4229190	4229190	4229190	4229190	1024
34	4814862	4814862	4814862	4814862	4814862	4814862	4814862	1024
35	5453244	5453244	5453244	5453244	5453244	5453244	5453244	1024
36	6149081	6149081	6149081	6149081	6149081	6149081	6149081	1024
37	6907543	6907543	6907543	6907543	6907543	6907543	6907543	1024
38	7734267	7734267	7734267	7734267	7734267	7734267	7734267	1024
39	8635396	8635396	8635396	8635396	8635396	8635396	8635396	1024
40	9617626	9617626	9617626	9617626	9617626	9617626	9617626	1024
41	10688258	10688258	10688258	10688258	10688258	10688258	10688258	1024
42	11855246	11855246	11855246	11855246	11855246	11855246	11855246	1024
43	13127263	13127263	13127263	13127263	13127263	13127263	13127263	1024
44	14513761	14513761	14513761	14513761	14513761	14513761	14513761	1024
45	16025044	16025044	16025044	16025044	16025044	16025044	16025044	1024
46	17672343	17672343	17672343	17672343	17672343	17672343	17672343	1024
47	19467899	19467899	19467899	19467899	19467899	19467899	19467899	1024
48	21425055	21425055	21425055	21425055	21425055	21425055	21425055	1024
49	23558355	23558355	23558355	23558355	23558355	23558355	23558355	1024
50	25883651	25883651	25883651	25883651	25883651	25883651	25883651	1024
51	28418225	28418225	28418225	28418225	28418225	28418225	28418225	1024
52	31180910	31180910	31180910	31180910	31180910	31180910	31180910	1024
53	34192237	34192237	34192237	34192237	34192237	34192237	34192237	1024
54	37474583	37474583	37474583	37474583	37474583	37474583	37474583	1024
55	41052340	41052340	41052340	41052340	41052340	41052340	41052340	1024
56	44952096	44952096	44952096	44952096	44952096	44952096	44952096	1024
57	49202829	49202829	49202829	49202829	49202829	49202829	49202829	1024
58	53836128	53836128	53836128	53836128	53836128	53836128	53836128	1024
59	58886425	58886425	58886425	58886425	58886425	58886425	58886425	1024
60	64391248	64391248	64391248	64391248	64391248	64391248	64391248	1024
61	70391505	70391505	70391505	70391505	70391505	70391505	70391505	1024
62	76931785	76931785	76931785	76931785	76931785	76931785	76931785	1024
63	84060691	84060691	84060691	84060691	84060691	84060691	84060691	1024
64	91831198	91831198	91831198	91831198	91831198	91831198	91831198	1024
65	100301051	100301051	100301051	100301051	100301051	100301051	100301051	1024
66	109533190	109533190	109533190	109533190	109533190	109533190	109533190	1024
67	119596222	119596222	119596222	119596222	119596222	119596222	119596222	1024
68	130564927	130564927	130564927	130564927	130564927	130564927	130564927	1024
69	142520815	142520815	142520815	142520815	142520815	142520815	142520815	1024
70	155552733	155552733	155552733	155552733	155552733	155552733	155552733	1024
71	169757524	169757524	169757524	169757524	169757524	169757524	169757524	1024
72	185240746	185240746	185240746	185240746	185240746	185240746	185240746	1024
73	202117458	202117458	202117458	202117458	202117458	202117458	202117458	1024
74	220513074	220513074	220513074	220513074	220513074	220513074	220513074	1024
75	240564296	240564296	240564296	240564296	240564296	240564296	240564296	1024
76	262420127	262420127	262420127	262420127	262420127	262420127	262420127	1024
77	286242984	286242984	286242984	286242984	286242984	286242984	286242984	1024
78	312209897	312209897	312209897	312209897	312209897	312209897	312209897	1024
79	340513833	340513833	340513833	340513833	340513833	340513833	340513833	1024
80	371365122	371365122	371365122	371365122	371365122	371365122	371365122	1024
81	404993028	404993028	404993028	404993028	404993028	404993028	404993028	1024
82	441647446	441647446	441647446	441647446	441647446	441647446	441647446	1024
83	481600761	481600761	481600761	481600761	481600761	481600761	481600761	1024
84	525149874	525149874	525149874	525149874	525149874	525149874	525149874	1024
85	572618407	572618407	572618407	572618407	572618407	572618407	572618407	1024
86	624359109	624359109	624359109	624359109	624359109	624359109	624359109	1024
87	680756473	680756473	680756473	680756473	680756473	680756473	680756473	1024
88	742229601	742229601	742229601	742229601	742229601	742229601	742229601	1024
89	809235310	809235310	809235310	809235310	809235310	809235310	809235310	1024
90	882271533	882271533	882271533	882271533	882271533	882271533	882271533	1024
91	961881015	961881015	961881015	961881015	961881015	961881015	961881015	1024
92	1048655352	1048655352	1048655352	1048655352	1048655352	1048655352	1048655352	1024
93	1143239378	1143239378	1143239378	1143239378	1143239378	1143239378	1143239378	1024
94	1246335967	1246335967	1246335967	1246335967	1246335967	1246335967	1246335967	1024
95	1358711249	1358711249	1358711249	1358711249	1358711249	1358711249	1358711249	1024
96	1481200306	1481200306	1481200306	1481200306	1481200306	1481200306	1481200306	1024
97	1614713378	1614713378	1614713378	1614713378	1614713378	1614713378	1614713378	1024
98	1760242627	1760242627	1760242627	1760242627	1760242627	1760242627	1760242627	1024
99	1918869509	1918869509	1918869509	1918869509	1918869509	1918869509	1918869509	1024
